mean CI width                                     variance CI width                                                     Empirical confidence level
0.5
[        nan  0.54920246  0.70158272  0.2989887 ] [             nan       0.00248925       0.00158812       0.00073776] [ 0.977  0.898  0.833  0.66 ]
[ 0.20230118  0.19366746  0.19866262  0.09944723] [  2.07874874e-06   2.15835464e-06   2.10286175e-06   5.69108200e-07] [ 0.957  0.936  0.897  0.604]
[ 0.06287091  0.06190903  0.06206767  0.03160705] [  1.83458660e-09   1.84145758e-09   1.83673995e-09   4.79978426e-10] [ 0.961  0.951  0.957  0.657]
[ 0.0196963   0.01959745  0.01960247  0.00999952] [  1.65351254e-12   1.65413050e-12   1.65370690e-12   4.30654707e-13] [ 0.955  0.955  0.954  0.68 ]

0.75
[        nan  0.45394797  0.62921612  0.24713165] [             nan       0.01919833       0.00812628       0.00568995] [ 0.926  0.926  0.731  0.654]
[ 0.17621744  0.16705996  0.17248167  0.08578441] [  9.26400779e-05   9.66725292e-05   9.28376728e-05   2.54903101e-05] [ 0.961  0.936  0.924  0.723]
[ 0.05456767  0.05358941  0.0537612   0.02735955] [  9.04678300e-07   9.08464609e-07   9.04965181e-07   2.36792537e-07] [ 0.966  0.961  0.958  0.698]
[ 0.01707033  0.01697096  0.0169764   0.00865937] [  9.02756993e-09   9.03133481e-09   9.02786532e-09   2.35131802e-09] [ 0.96   0.959  0.962  0.695]

0.99
[        nan  0.03299332  0.39847929  0.01796174] [             nan       0.01051828       0.00199693       0.00311738] [ 0.092  0.092  0.094  0.092]
[        nan  0.02953828  0.05290623  0.01516775] [             nan       0.00061196       0.00018023       0.00016136] [ 0.603  0.603  0.621  0.535]
[        nan  0.0122832   0.01289215  0.00627107] [             nan   3.39684346e-06   3.02080409e-06   8.85391873e-07] [ 0.984  0.975  0.907  0.686]
[ 0.00399578  0.00388987  0.00390909  0.00198479] [  3.46738327e-08   3.47983173e-08   3.44611449e-08   9.05978044e-09] [ 0.964  0.954  0.939  0.692]